0 0 0.707107
0.01 0 0.7
0.02 0 0.69282
0.03 0 0.685565
0.04 0 0.678233
0.05 0 0.67082
0.06 0 0.663325
0.07 0 0.655744
0.08 0 0.648074
0.09 0 0.640312
0.1 0 0.632456
0.11 0 0.6245
0.12 0 0.616441
0.13 0 0.608276
0.14 0 0.6
0.15 0 0.591608
0.16 0 0.583095
0.17 0 0.574456
0.18 0 0.565685
0.19 0 0.556776
0.2 0 0.547723
0.21 0 0.538516
0.22 0 0.52915
0.23 0 0.519615
0.24 0 0.509902
0.25 0 0.5
0.26 0 0.489898
0.27 0 0.479583
0.28 0 0.469042
0.29 0 0.458258
0.3 0 0.447214
0.31 0 0.43589
0.32 0 0.424264
0.33 0 0.412311
0.34 0 0.4
0.35 0 0.387298
0.36 0 0.374166
0.37 0 0.360555
0.38 0 0.34641
0.39 0 0.331662
0.4 0 0.316228
0.41 0 0.3
0.42 0 0.282843
0.43 0 0.264575
0.44 0 0.244949
0.45 0 0.223607
0.46 0 0.2
0.47 0 0.173205
0.48 0 0.141421
0.49 0 0.1
0.5 0 0
0.51 0 0
0.52 0 0
0.53 0 0
0.54 0 0
0.55 0 0
0.56 0 0
0.57 0 0
0.58 0 0
0.59 0 0
0.6 0 0
0.61 0 0
0.62 0 0
0.63 0 0
0.64 0 0
0.65 0 0
0.66 0 0
0.67 0 0
0.68 0 0
0.69 0 0
0.7 0 0
0.71 0 0
0.72 0 0
0.73 0 0
0.74 0 0
0.75 0 0
0.76 0 0
0.77 0 0
0.78 0 0
0.79 0 0
0.8 0 0
0.81 0 0
0.82 0 0
0.83 0 0
0.84 0 0
0.85 0 0
0.86 0 0
0.87 0 0
0.88 0 0
0.89 0 0
0.9 0 0
0.91 0 0
0.92 0 0
0.93 0 0
0.94 0 0
0.95 0 0
0.96 0 0
0.97 0 0
0.98 0 0
0.99 0 0
1 0 0
0 2e-05 0.700007
0.01 2e-05 0.700007
0.02 2e-05 0.692828
0.03 2e-05 0.685573
0.04 2e-05 0.67824
0.05 2e-05 0.670828
0.06 2e-05 0.663332
0.07 2e-05 0.655751
0.08 2e-05 0.648082
0.09 2e-05 0.64032
0.1 2e-05 0.632463
0.11 2e-05 0.624508
0.12 2e-05 0.61645
0.13 2e-05 0.608284
0.14 2e-05 0.600008
0.15 2e-05 0.591616
0.16 2e-05 0.583104
0.17 2e-05 0.574465
0.18 2e-05 0.565694
0.19 2e-05 0.556785
0.2 2e-05 0.547732
0.21 2e-05 0.538526
0.22 2e-05 0.52916
0.23 2e-05 0.519625
0.24 2e-05 0.509912
0.25 2e-05 0.50001
0.26 2e-05 0.489908
0.27 2e-05 0.479594
0.28 2e-05 0.469052
0.29 2e-05 0.458268
0.3 2e-05 0.447225
0.31 2e-05 0.435901
0.32 2e-05 0.424276
0.33 2e-05 0.412323
0.34 2e-05 0.400013
0.35 2e-05 0.387311
0.36 2e-05 0.374179
0.37 2e-05 0.360569
0.38 2e-05 0.346425
0.39 2e-05 0.331678
0.4 2e-05 0.316244
0.41 2e-05 0.300017
0.42 2e-05 0.28286
0.43 2e-05 0.264594
0.44 2e-05 0.244969
0.45 2e-05 0.223629
0.46 2e-05 0.200025
0.47 2e-05 0.173234
0.48 2e-05 0.141458
0.49 2e-05 0.100071
0.5 2e-05 5.0002e-05
0.51 2e-05 0
0.52 2e-05 0
0.53 2e-05 0
0.54 2e-05 0
0.55 2e-05 0
0.56 2e-05 0
0.57 2e-05 0
0.58 2e-05 0
0.59 2e-05 0
0.6 2e-05 0
0.61 2e-05 0
0.62 2e-05 0
0.63 2e-05 0
0.64 2e-05 0
0.65 2e-05 0
0.66 2e-05 0
0.67 2e-05 0
0.68 2e-05 0
0.69 2e-05 0
0.7 2e-05 0
0.71 2e-05 0
0.72 2e-05 0
0.73 2e-05 0
0.74 2e-05 0
0.75 2e-05 0
0.76 2e-05 0
0.77 2e-05 0
0.78 2e-05 0
0.79 2e-05 0
0.8 2e-05 0
0.81 2e-05 0
0.82 2e-05 0
0.83 2e-05 0
0.84 2e-05 0
0.85 2e-05 0
0.86 2e-05 0
0.87 2e-05 0
0.88 2e-05 0
0.89 2e-05 0
0.9 2e-05 0
0.91 2e-05 0
0.92 2e-05 0
0.93 2e-05 0
0.94 2e-05 0
0.95 2e-05 0
0.96 2e-05 0
0.97 2e-05 0
0.98 2e-05 0
0.99 2e-05 0
1 2e-05 0
0 0.10002 0.551255
0.01 0.10002 0.551255
0.02 0.10002 0.551047
0.03 0.10002 0.550631
0.04 0.10002 0.550006
0.05 0.10002 0.549172
0.06 0.10002 0.548129
0.07 0.10002 0.546875
0.08 0.10002 0.54541
0.09 0.10002 0.543732
0.1 0.10002 0.541841
0.11 0.10002 0.539735
0.12 0.10002 0.537412
0.13 0.10002 0.53487
0.14 0.10002 0.532107
0.15 0.10002 0.529121
0.16 0.10002 0.52591
0.17 0.10002 0.52247
0.18 0.10002 0.518799
0.19 0.10002 0.514894
0.2 0.10002 0.510749
0.21 0.10002 0.506363
0.22 0.10002 0.501729
0.23 0.10002 0.496843
0.24 0.10002 0.491701
0.25 0.10002 0.486295
0.26 0.10002 0.48062
0.27 0.10002 0.474668
0.28 0.10002 0.468433
0.29 0.10002 0.461904
0.3 0.10002 0.455074
0.31 0.10002 0.44793
0.32 0.10002 0.440462
0.33 0.10002 0.432655
0.34 0.10002 0.424497
0.35 0.10002 0.415969
0.36 0.10002 0.407052
0.37 0.10002 0.397726
0.38 0.10002 0.387965
0.39 0.10002 0.377742
0.4 0.10002 0.367021
0.41 0.10002 0.355765
0.42 0.10002 0.343927
0.43 0.10002 0.331452
0.44 0.10002 0.31827
0.45 0.10002 0.304298
0.46 0.10002 0.28943
0.47 0.10002 0.273527
0.48 0.10002 0.256405
0.49 0.10002 0.237807
0.5 0.10002 0.217353
0.51 0.10002 0.194443
0.52 0.10002 0.168014
0.53 0.10002 0.135891
0.54 0.10002 0.0922995
0.55 0.10002 0.0114761
0.56 0.10002 6.01041e-06
0.57 0.10002 6.36084e-16
0.58 0.10002 4.52931e-27
0.59 0.10002 3.55386e-38
0.6 0.10002 3.06732e-49
0.61 0.10002 2.8401e-60
0.62 0.10002 2.72796e-71
0.63 0.10002 2.64251e-82
0.64 0.10002 2.53413e-93
0.65 0.10002 2.38089e-104
0.66 0.10002 2.18013e-115
0.67 0.10002 1.94136e-126
0.68 0.10002 1.68025e-137
0.69 0.10002 1.41398e-148
0.7 0.10002 1.15791e-159
0.71 0.10002 9.23741e-171
0.72 0.10002 7.18845e-182
0.73 0.10002 5.46476e-193
0.74 0.10002 4.06534e-204
0.75 0.10002 2.96551e-215
0.76 0.10002 2.12656e-226
0.77 0.10002 1.50403e-237
0.78 0.10002 1.05365e-248
0.79 0.10002 7.35234e-260
0.8 0.10002 5.14625e-271
0.81 0.10002 3.6429e-282
0.82 0.10002 2.63e-293
0.83 0.10002 1.95012e-304
0.84 0.10002 1.49069e-315
0.85 0.10002 0
0.86 0.10002 0
0.87 0.10002 0
0.88 0.10002 0
0.89 0.10002 0
0.9 0.10002 0
0.91 0.10002 0
0.92 0.10002 0
0.93 0.10002 0
0.94 0.10002 0
0.95 0.10002 0
0.96 0.10002 0
0.97 0.10002 0
0.98 0.10002 0
0.99 0.10002 0
1 0.10002 0
0 0.20002 0.503038
0.01 0.20002 0.503038
0.02 0.20002 0.502889
0.03 0.20002 0.50259
0.04 0.20002 0.502143
0.05 0.20002 0.501545
0.06 0.20002 0.500797
0.07 0.20002 0.499898
0.08 0.20002 0.498847
0.09 0.20002 0.497644
0.1 0.20002 0.496288
0.11 0.20002 0.494777
0.12 0.20002 0.49311
0.13 0.20002 0.491285
0.14 0.20002 0.489302
0.15 0.20002 0.487158
0.16 0.20002 0.484852
0.17 0.20002 0.482381
0.18 0.20002 0.479742
0.19 0.20002 0.476935
0.2 0.20002 0.473955
0.21 0.20002 0.4708
0.22 0.20002 0.467467
0.23 0.20002 0.463952
0.24 0.20002 0.460251
0.25 0.20002 0.456361
0.26 0.20002 0.452276
0.27 0.20002 0.447992
0.28 0.20002 0.443503
0.29 0.20002 0.438804
0.3 0.20002 0.433889
0.31 0.20002 0.42875
0.32 0.20002 0.423379
0.33 0.20002 0.417769
0.34 0.20002 0.411911
0.35 0.20002 0.405793
0.36 0.20002 0.399406
0.37 0.20002 0.392736
0.38 0.20002 0.38577
0.39 0.20002 0.378491
0.4 0.20002 0.370884
0.41 0.20002 0.362926
0.42 0.20002 0.354597
0.43 0.20002 0.34587
0.44 0.20002 0.336714
0.45 0.20002 0.327096
0.46 0.20002 0.316974
0.47 0.20002 0.3063
0.48 0.20002 0.295013
0.49 0.20002 0.283043
0.5 0.20002 0.270299
0.51 0.20002 0.256668
0.52 0.20002 0.242
0.53 0.20002 0.226097
0.54 0.20002 0.208682
0.55 0.20002 0.189346
0.56 0.20002 0.167445
0.57 0.20002 0.141807
0.58 0.20002 0.109548
0.59 0.20002 0.0464956
0.6 0.20002 0.000893188
0.61 0.20002 1.96112e-09
0.62 0.20002 2.04754e-20
0.63 0.20002 2.04078e-31
0.64 0.20002 1.95264e-42
0.65 0.20002 1.79949e-53
0.66 0.20002 1.60227e-64
0.67 0.20002 1.38266e-75
0.68 0.20002 1.16006e-86
0.69 0.20002 9.49761e-98
0.7 0.20002 7.62186e-109
0.71 0.20002 6.03092e-120
0.72 0.20002 4.74346e-131
0.73 0.20002 3.74941e-142
0.74 0.20002 3.02012e-153
0.75 0.20002 2.51683e-164
0.76 0.20002 2.19702e-175
0.77 0.20002 2.0186e-186
0.78 0.20002 1.94235e-197
0.79 0.20002 1.93336e-208
0.8 0.20002 1.96165e-219
0.81 0.20002 2.00257e-230
0.82 0.20002 2.03684e-241
0.83 0.20002 2.05059e-252
0.84 0.20002 2.03511e-263
0.85 0.20002 1.9864e-274
0.86 0.20002 1.90458e-285
0.87 0.20002 1.79304e-296
0.88 0.20002 1.65748e-307
0.89 0.20002 1.50498e-318
0.9 0.20002 0
0.91 0.20002 0
0.92 0.20002 0
0.93 0.20002 0
0.94 0.20002 0
0.95 0.20002 0
0.96 0.20002 0
0.97 0.20002 0
0.98 0.20002 0
0.99 0.20002 0
1 0.20002 0
0 0.30002 0.47133
0.01 0.30002 0.47133
0.02 0.30002 0.471209
0.03 0.30002 0.470967
0.04 0.30002 0.470604
0.05 0.30002 0.470119
0.06 0.30002 0.469513
0.07 0.30002 0.468784
0.08 0.30002 0.467932
0.09 0.30002 0.466957
0.1 0.30002 0.465858
0.11 0.30002 0.464633
0.12 0.30002 0.463282
0.13 0.30002 0.461805
0.14 0.30002 0.460199
0.15 0.30002 0.458463
0.16 0.30002 0.456596
0.17 0.30002 0.454597
0.18 0.30002 0.452464
0.19 0.30002 0.450195
0.2 0.30002 0.447787
0.21 0.30002 0.445239
0.22 0.30002 0.442549
0.23 0.30002 0.439714
0.24 0.30002 0.436731
0.25 0.30002 0.433597
0.26 0.30002 0.430309
0.27 0.30002 0.426864
0.28 0.30002 0.423257
0.29 0.30002 0.419486
0.3 0.30002 0.415545
0.31 0.30002 0.411429
0.32 0.30002 0.407134
0.33 0.30002 0.402655
0.34 0.30002 0.397984
0.35 0.30002 0.393115
0.36 0.30002 0.388041
0.37 0.30002 0.382755
0.38 0.30002 0.377246
0.39 0.30002 0.371506
0.4 0.30002 0.365524
0.41 0.30002 0.359288
0.42 0.30002 0.352784
0.43 0.30002 0.345999
0.44 0.30002 0.338914
0.45 0.30002 0.331512
0.46 0.30002 0.32377
0.47 0.30002 0.315664
0.48 0.30002 0.307165
0.49 0.30002 0.298241
0.5 0.30002 0.288851
0.51 0.30002 0.27895
0.52 0.30002 0.26848
0.53 0.30002 0.257372
0.54 0.30002 0.24554
0.55 0.30002 0.232871
0.56 0.30002 0.219222
0.57 0.30002 0.204391
0.58 0.30002 0.1881
0.59 0.30002 0.16993
0.6 0.30002 0.149219
0.61 0.30002 0.124797
0.62 0.30002 0.0941019
0.63 0.30002 0.02786
0.64 0.30002 0.000179249
0.65 0.30002 1.55344e-11
0.66 0.30002 1.58024e-22
0.67 0.30002 1.5565e-33
0.68 0.30002 1.49162e-44
0.69 0.30002 1.39868e-55
0.7 0.30002 1.29283e-66
0.71 0.30002 1.19004e-77
0.72 0.30002 1.10649e-88
0.73 0.30002 1.05845e-99
0.74 0.30002 1.06242e-110
0.75 0.30002 1.13533e-121
0.76 0.30002 1.2943e-132
0.77 0.30002 1.55588e-143
0.78 0.30002 1.93464e-154
0.79 0.30002 2.44128e-165
0.8 0.30002 3.08038e-176
0.81 0.30002 3.84842e-187
0.82 0.30002 4.73227e-198
0.83 0.30002 5.70863e-209
0.84 0.30002 6.74466e-220
0.85 0.30002 7.79991e-231
0.86 0.30002 8.82932e-242
0.87 0.30002 9.78709e-253
0.88 0.30002 1.0631e-263
0.89 0.30002 1.13264e-274
0.9 0.30002 1.185e-285
0.91 0.30002 1.21922e-296
0.92 0.30002 1.23586e-307
0.93 0.30002 1.23688e-318
0.94 0.30002 0
0.95 0.30002 0
0.96 0.30002 0
0.97 0.30002 0
0.98 0.30002 0
0.99 0.30002 0
1 0.30002 0
0 0.40002 0.447796
0.01 0.40002 0.447796
0.02 0.40002 0.447693
0.03 0.40002 0.447486
0.04 0.40002 0.447176
0.05 0.40002 0.446762
0.06 0.40002 0.446245
0.07 0.40002 0.445623
0.08 0.40002 0.444896
0.09 0.40002 0.444064
0.1 0.40002 0.443126
0.11 0.40002 0.442082
0.12 0.40002 0.44093
0.13 0.40002 0.439671
0.14 0.40002 0.438302
0.15 0.40002 0.436824
0.16 0.40002 0.435234
0.17 0.40002 0.433532
0.18 0.40002 0.431717
0.19 0.40002 0.429786
0.2 0.40002 0.427739
0.21 0.40002 0.425574
0.22 0.40002 0.423289
0.23 0.40002 0.420882
0.24 0.40002 0.418351
0.25 0.40002 0.415693
0.26 0.40002 0.412907
0.27 0.40002 0.40999
0.28 0.40002 0.406939
0.29 0.40002 0.403752
0.3 0.40002 0.400423
0.31 0.40002 0.396952
0.32 0.40002 0.393332
0.33 0.40002 0.389562
0.34 0.40002 0.385635
0.35 0.40002 0.381548
0.36 0.40002 0.377295
0.37 0.40002 0.37287
0.38 0.40002 0.368268
0.39 0.40002 0.363482
0.4 0.40002 0.358504
0.41 0.40002 0.353327
0.42 0.40002 0.347941
0.43 0.40002 0.342337
0.44 0.40002 0.336504
0.45 0.40002 0.33043
0.46 0.40002 0.324101
0.47 0.40002 0.317503
0.48 0.40002 0.310618
0.49 0.40002 0.303426
0.5 0.40002 0.295906
0.51 0.40002 0.288032
0.52 0.40002 0.279773
0.53 0.40002 0.271096
0.54 0.40002 0.261957
0.55 0.40002 0.252308
0.56 0.40002 0.242086
0.57 0.40002 0.231216
0.58 0.40002 0.219601
0.59 0.40002 0.207116
0.6 0.40002 0.193594
0.61 0.40002 0.178802
0.62 0.40002 0.162398
0.63 0.40002 0.143841
0.64 0.40002 0.122134
0.65 0.40002 0.0948062
0.66 0.40002 0.0433349
0.67 0.40002 0.00105902
0.68 0.40002 4.75196e-09
0.69 0.40002 7.2081e-20
0.7 0.40002 1.03919e-30
0.71 0.40002 1.43582e-41
0.72 0.40002 1.90761e-52
0.73 0.40002 2.44458e-63
0.74 0.40002 3.03068e-74
0.75 0.40002 3.64583e-85
0.76 0.40002 4.26932e-96
0.77 0.40002 4.88464e-107
0.78 0.40002 5.48555e-118
0.79 0.40002 6.08379e-129
0.8 0.40002 6.71886e-140
0.81 0.40002 7.47068e-151
0.82 0.40002 8.47605e-162
0.83 0.40002 9.94976e-173
0.84 0.40002 1.22106e-183
0.85 0.40002 1.5712e-194
0.86 0.40002 2.10744e-205
0.87 0.40002 2.91176e-216
0.88 0.40002 4.08858e-227
0.89 0.40002 5.76609e-238
0.9 0.40002 8.09565e-249
0.91 0.40002 1.12487e-259
0.92 0.40002 1.54105e-270
0.93 0.40002 2.07716e-281
0.94 0.40002 2.75162e-292
0.95 0.40002 3.58093e-303
0.96 0.40002 4.57849e-314
0.97 0.40002 0
0.98 0.40002 0
0.99 0.40002 0
1 0.40002 0
0 0.50002 0.429216
0.01 0.50002 0.429216
0.02 0.50002 0.429126
0.03 0.50002 0.428944
0.04 0.50002 0.428672
0.05 0.50002 0.428308
0.06 0.50002 0.427853
0.07 0.50002 0.427306
0.08 0.50002 0.426668
0.09 0.50002 0.425937
0.1 0.50002 0.425113
0.11 0.50002 0.424196
0.12 0.50002 0.423185
0.13 0.50002 0.422079
0.14 0.50002 0.420878
0.15 0.50002 0.41958
0.16 0.50002 0.418186
0.17 0.50002 0.416693
0.18 0.50002 0.415101
0.19 0.50002 0.41341
0.2 0.50002 0.411616
0.21 0.50002 0.40972
0.22 0.50002 0.407719
0.23 0.50002 0.405613
0.24 0.50002 0.4034
0.25 0.50002 0.401077
0.26 0.50002 0.398643
0.27 0.50002 0.396096
0.28 0.50002 0.393434
0.29 0.50002 0.390654
0.3 0.50002 0.387754
0.31 0.50002 0.384732
0.32 0.50002 0.381583
0.33 0.50002 0.378306
0.34 0.50002 0.374896
0.35 0.50002 0.371351
0.36 0.50002 0.367666
0.37 0.50002 0.363837
0.38 0.50002 0.35986
0.39 0.50002 0.355729
0.4 0.50002 0.351439
0.41 0.50002 0.346985
0.42 0.50002 0.342359
0.43 0.50002 0.337555
0.44 0.50002 0.332565
0.45 0.50002 0.327381
0.46 0.50002 0.321993
0.47 0.50002 0.316392
0.48 0.50002 0.310564
0.49 0.50002 0.304498
0.5 0.50002 0.298179
0.51 0.50002 0.291591
0.52 0.50002 0.284714
0.53 0.50002 0.277527
0.54 0.50002 0.270007
0.55 0.50002 0.262123
0.56 0.50002 0.253842
0.57 0.50002 0.245124
0.58 0.50002 0.235919
0.59 0.50002 0.22617
0.6 0.50002 0.2158
0.61 0.50002 0.204715
0.62 0.50002 0.192791
0.63 0.50002 0.17986
0.64 0.50002 0.165686
0.65 0.50002 0.149923
0.66 0.50002 0.132023
0.67 0.50002 0.111013
0.68 0.50002 0.0846416
0.69 0.50002 0.0293595
0.7 0.50002 0.000302804
0.71 0.50002 1.06052e-10
0.72 0.50002 1.534e-21
0.73 0.50002 2.13703e-32
0.74 0.50002 2.87912e-43
0.75 0.50002 3.76676e-54
0.76 0.50002 4.80812e-65
0.77 0.50002 6.02304e-76
0.78 0.50002 7.46242e-87
0.79 0.50002 9.24387e-98
0.8 0.50002 1.16155e-108
0.81 0.50002 1.50671e-119
0.82 0.50002 2.05173e-130
0.83 0.50002 2.96195e-141
0.84 0.50002 4.52405e-152
0.85 0.50002 7.21816e-163
0.86 0.50002 1.18219e-173
0.87 0.50002 1.9554e-184
0.88 0.50002 3.22651e-195
0.89 0.50002 5.26774e-206
0.9 0.50002 8.4675e-217
0.91 0.50002 1.33636e-227
0.92 0.50002 2.0679e-238
0.93 0.50002 3.13592e-249
0.94 0.50002 4.6608e-260
0.95 0.50002 6.79219e-271
0.96 0.50002 9.71255e-282
0.97 0.50002 1.36414e-292
0.98 0.50002 1.88422e-303
0.99 0.50002 2.5635e-314
1 0.50002 2.5635e-314
0 0.60002 0.413964
0.01 0.60002 0.413964
0.02 0.60002 0.413883
0.03 0.60002 0.41372
0.04 0.60002 0.413476
0.05 0.60002 0.41315
0.06 0.60002 0.412742
0.07 0.60002 0.412252
0.08 0.60002 0.41168
0.09 0.60002 0.411025
0.1 0.60002 0.410287
0.11 0.60002 0.409466
0.12 0.60002 0.40856
0.13 0.60002 0.40757
0.14 0.60002 0.406494
0.15 0.60002 0.405333
0.16 0.60002 0.404085
0.17 0.60002 0.402749
0.18 0.60002 0.401326
0.19 0.60002 0.399813
0.2 0.60002 0.398209
0.21 0.60002 0.396515
0.22 0.60002 0.394727
0.23 0.60002 0.392847
0.24 0.60002 0.39087
0.25 0.60002 0.388798
0.26 0.60002 0.386627
0.27 0.60002 0.384357
0.28 0.60002 0.381984
0.29 0.60002 0.379509
0.3 0.60002 0.376928
0.31 0.60002 0.374239
0.32 0.60002 0.371441
0.33 0.60002 0.368529
0.34 0.60002 0.365503
0.35 0.60002 0.362359
0.36 0.60002 0.359093
0.37 0.60002 0.355703
0.38 0.60002 0.352185
0.39 0.60002 0.348536
0.4 0.60002 0.34475
0.41 0.60002 0.340823
0.42 0.60002 0.336751
0.43 0.60002 0.332528
0.44 0.60002 0.328148
0.45 0.60002 0.323606
0.46 0.60002 0.318893
0.47 0.60002 0.314003
0.48 0.60002 0.308927
0.49 0.60002 0.303655
0.5 0.60002 0.298177
0.51 0.60002 0.292483
0.52 0.60002 0.286558
0.53 0.60002 0.280388
0.54 0.60002 0.273957
0.55 0.60002 0.267245
0.56 0.60002 0.260232
0.57 0.60002 0.252891
0.58 0.60002 0.245194
0.59 0.60002 0.237106
0.6 0.60002 0.228585
0.61 0.60002 0.21958
0.62 0.60002 0.210031
0.63 0.60002 0.199858
0.64 0.60002 0.18896
0.65 0.60002 0.177204
0.66 0.60002 0.164403
0.67 0.60002 0.150281
0.68 0.60002 0.134401
0.69 0.60002 0.115976
0.7 0.60002 0.093328
0.71 0.60002 0.0613939
0.72 0.60002 0.00632699
0.73 0.60002 1.92779e-06
0.74 0.60002 1.25739e-16
0.75 0.60002 2.34387e-27
0.76 0.60002 4.6812e-38
0.77 0.60002 9.65867e-49
0.78 0.60002 1.99899e-59
0.79 0.60002 4.07371e-70
0.8 0.60002 8.09383e-81
0.81 0.60002 1.56073e-91
0.82 0.60002 2.9163e-102
0.83 0.60002 5.28043e-113
0.84 0.60002 9.27241e-124
0.85 0.60002 1.58101e-134
0.86 0.60002 2.62138e-145
0.87 0.60002 4.23327e-156
0.88 0.60002 6.67041e-167
0.89 0.60002 1.02765e-177
0.9 0.60002 1.55166e-188
0.91 0.60002 2.30311e-199
0.92 0.60002 3.37333e-210
0.93 0.60002 4.89989e-221
0.94 0.60002 7.10309e-232
0.95 0.60002 1.03558e-242
0.96 0.60002 1.53142e-253
0.97 0.60002 2.31566e-264
0.98 0.60002 3.601e-275
0.99 0.60002 5.76922e-286
1 0.60002 5.76922e-286
0 0.70002 0.401094
0.01 0.70002 0.401094
0.02 0.70002 0.40102
0.03 0.70002 0.400872
0.04 0.70002 0.40065
0.05 0.70002 0.400353
0.06 0.70002 0.399983
0.07 0.70002 0.399537
0.08 0.70002 0.399017
0.09 0.70002 0.398422
0.1 0.70002 0.397751
0.11 0.70002 0.397005
0.12 0.70002 0.396182
0.13 0.70002 0.395282
0.14 0.70002 0.394306
0.15 0.70002 0.393251
0.16 0.70002 0.392118
0.17 0.70002 0.390905
0.18 0.70002 0.389613
0.19 0.70002 0.38824
0.2 0.70002 0.386786
0.21 0.70002 0.385249
0.22 0.70002 0.383628
0.23 0.70002 0.381923
0.24 0.70002 0.380133
0.25 0.70002 0.378255
0.26 0.70002 0.37629
0.27 0.70002 0.374235
0.28 0.70002 0.372089
0.29 0.70002 0.36985
0.3 0.70002 0.367517
0.31 0.70002 0.365088
0.32 0.70002 0.36256
0.33 0.70002 0.359933
0.34 0.70002 0.357204
0.35 0.70002 0.354369
0.36 0.70002 0.351428
0.37 0.70002 0.348377
0.38 0.70002 0.345213
0.39 0.70002 0.341933
0.4 0.70002 0.338533
0.41 0.70002 0.335011
0.42 0.70002 0.331362
0.43 0.70002 0.327582
0.44 0.70002 0.323666
0.45 0.70002 0.319609
0.46 0.70002 0.315407
0.47 0.70002 0.311052
0.48 0.70002 0.306539
0.49 0.70002 0.30186
0.5 0.70002 0.297008
0.51 0.70002 0.291974
0.52 0.70002 0.286749
0.53 0.70002 0.281321
0.54 0.70002 0.275679
0.55 0.70002 0.269809
0.56 0.70002 0.263696
0.57 0.70002 0.257323
0.58 0.70002 0.250669
0.59 0.70002 0.243713
0.6 0.70002 0.236427
0.61 0.70002 0.228779
0.62 0.70002 0.220733
0.63 0.70002 0.212242
0.64 0.70002 0.203251
0.65 0.70002 0.193688
0.66 0.70002 0.183466
0.67 0.70002 0.172463
0.68 0.70002 0.160517
0.69 0.70002 0.147393
0.7 0.70002 0.132737
0.71 0.70002 0.115971
0.72 0.70002 0.0960607
0.73 0.70002 0.0708417
0.74 0.70002 0.0163356
0.75 0.70002 5.08397e-05
0.76 0.70002 5.46442e-13
0.77 0.70002 8.2426e-24
0.78 0.70002 1.22925e-34
0.79 0.70002 1.83571e-45
0.8 0.70002 2.79392e-56
0.81 0.70002 4.43105e-67
0.82 0.70002 7.48541e-78
0.83 0.70002 1.36343e-88
0.84 0.70002 2.66431e-99
0.85 0.70002 5.47786e-110
0.86 0.70002 1.15693e-120
0.87 0.70002 2.45957e-131
0.88 0.70002 5.19035e-142
0.89 0.70002 1.07803e-152
0.9 0.70002 2.19346e-163
0.91 0.70002 4.36212e-174
0.92 0.70002 8.47139e-185
0.93 0.70002 1.60651e-195
0.94 0.70002 2.97641e-206
0.95 0.70002 5.39172e-217
0.96 0.70002 9.55983e-228
0.97 0.70002 1.66123e-238
0.98 0.70002 2.83372e-249
0.99 0.70002 4.75434e-260
1 0.70002 4.75434e-260
0 0.80002 0.390007
0.01 0.80002 0.390007
0.02 0.80002 0.389939
0.03 0.80002 0.389803
0.04 0.80002 0.389599
0.05 0.80002 0.389327
0.06 0.80002 0.388986
0.07 0.80002 0.388577
0.08 0.80002 0.388099
0.09 0.80002 0.387552
0.1 0.80002 0.386936
0.11 0.80002 0.38625
0.12 0.80002 0.385494
0.13 0.80002 0.384668
0.14 0.80002 0.383771
0.15 0.80002 0.382802
0.16 0.80002 0.381762
0.17 0.80002 0.380649
0.18 0.80002 0.379463
0.19 0.80002 0.378203
0.2 0.80002 0.376869
0.21 0.80002 0.375459
0.22 0.80002 0.373973
0.23 0.80002 0.37241
0.24 0.80002 0.370769
0.25 0.80002 0.369049
0.26 0.80002 0.367249
0.27 0.80002 0.365367
0.28 0.80002 0.363402
0.29 0.80002 0.361354
0.3 0.80002 0.35922
0.31 0.80002 0.356999
0.32 0.80002 0.354689
0.33 0.80002 0.352289
0.34 0.80002 0.349797
0.35 0.80002 0.347211
0.36 0.80002 0.344528
0.37 0.80002 0.341747
0.38 0.80002 0.338865
0.39 0.80002 0.335879
0.4 0.80002 0.332786
0.41 0.80002 0.329585
0.42 0.80002 0.32627
0.43 0.80002 0.32284
0.44 0.80002 0.31929
0.45 0.80002 0.315615
0.46 0.80002 0.311813
0.47 0.80002 0.307878
0.48 0.80002 0.303804
0.49 0.80002 0.299587
0.5 0.80002 0.295219
0.51 0.80002 0.290695
0.52 0.80002 0.286007
0.53 0.80002 0.281147
0.54 0.80002 0.276105
0.55 0.80002 0.270871
0.56 0.80002 0.265434
0.57 0.80002 0.259782
0.58 0.80002 0.253899
0.59 0.80002 0.24777
0.6 0.80002 0.241376
0.61 0.80002 0.234694
0.62 0.80002 0.2277
0.63 0.80002 0.220365
0.64 0.80002 0.212651
0.65 0.80002 0.204517
0.66 0.80002 0.195909
0.67 0.80002 0.186763
0.68 0.80002 0.176993
0.69 0.80002 0.166488
0.7 0.80002 0.155097
0.71 0.80002 0.142606
0.72 0.80002 0.128694
0.73 0.80002 0.112852
0.74 0.80002 0.0941792
0.75 0.80002 0.0707297
0.76 0.80002 0.0200411
0.77 0.80002 0.00011359
0.78 0.80002 6.88979e-12
0.79 0.80002 1.2107e-22
0.8 0.80002 2.06988e-33
0.81 0.80002 3.46491e-44
0.82 0.80002 5.72607e-55
0.83 0.80002 9.44883e-66
0.84 0.80002 1.58143e-76
0.85 0.80002 2.73787e-87
0.86 0.80002 5.00192e-98
0.87 0.80002 9.76546e-109
0.88 0.80002 2.03429e-119
0.89 0.80002 4.45469e-130
0.9 0.80002 1.00442e-140
0.91 0.80002 2.28811e-151
0.92 0.80002 5.19348e-162
0.93 0.80002 1.1641e-172
0.94 0.80002 2.56335e-183
0.95 0.80002 5.52993e-194
0.96 0.80002 1.1673e-204
0.97 0.80002 2.4102e-215
0.98 0.80002 4.86901e-226
0.99 0.80002 9.62974e-237
1 0.80002 9.62974e-237
0 0.90002 0.380303
0.01 0.90002 0.380303
0.02 0.90002 0.38024
0.03 0.90002 0.380113
0.04 0.90002 0.379924
0.05 0.90002 0.379672
0.06 0.90002 0.379356
0.07 0.90002 0.378977
0.08 0.90002 0.378534
0.09 0.90002 0.378027
0.1 0.90002 0.377456
0.11 0.90002 0.37682
0.12 0.90002 0.37612
0.13 0.90002 0.375354
0.14 0.90002 0.374523
0.15 0.90002 0.373626
0.16 0.90002 0.372662
0.17 0.90002 0.371632
0.18 0.90002 0.370534
0.19 0.90002 0.369368
0.2 0.90002 0.368133
0.21 0.90002 0.366828
0.22 0.90002 0.365453
0.23 0.90002 0.364008
0.24 0.90002 0.36249
0.25 0.90002 0.360899
0.26 0.90002 0.359235
0.27 0.90002 0.357496
0.28 0.90002 0.355681
0.29 0.90002 0.35379
0.3 0.90002 0.351819
0.31 0.90002 0.34977
0.32 0.90002 0.347639
0.33 0.90002 0.345426
0.34 0.90002 0.343128
0.35 0.90002 0.340745
0.36 0.90002 0.338274
0.37 0.90002 0.335714
0.38 0.90002 0.333062
0.39 0.90002 0.330316
0.4 0.90002 0.327474
0.41 0.90002 0.324533
0.42 0.90002 0.321491
0.43 0.90002 0.318344
0.44 0.90002 0.315091
0.45 0.90002 0.311726
0.46 0.90002 0.308247
0.47 0.90002 0.304649
0.48 0.90002 0.300929
0.49 0.90002 0.297081
0.5 0.90002 0.293102
0.51 0.90002 0.288984
0.52 0.90002 0.284723
0.53 0.90002 0.280312
0.54 0.90002 0.275743
0.55 0.90002 0.271009
0.56 0.90002 0.266101
0.57 0.90002 0.261009
0.58 0.90002 0.255721
0.59 0.90002 0.250226
0.6 0.90002 0.24451
0.61 0.90002 0.238556
0.62 0.90002 0.232346
0.63 0.90002 0.22586
0.64 0.90002 0.219072
0.65 0.90002 0.211954
0.66 0.90002 0.204471
0.67 0.90002 0.196581
0.68 0.90002 0.188233
0.69 0.90002 0.179363
0.7 0.90002 0.169887
0.71 0.90002 0.159696
0.72 0.90002 0.148641
0.73 0.90002 0.136508
0.74 0.90002 0.122975
0.75 0.90002 0.107518
0.76 0.90002 0.0892066
0.77 0.90002 0.066088
0.78 0.90002 0.0160146
0.79 0.90002 5.75732e-05
0.8 0.90002 9.40918e-13
0.81 0.90002 1.69344e-23
0.82 0.90002 3.00289e-34
0.83 0.90002 5.30601e-45
0.84 0.90002 9.49035e-56
0.85 0.90002 1.75395e-66
0.86 0.90002 3.42528e-77
0.87 0.90002 7.1831e-88
0.88 0.90002 1.61918e-98
0.89 0.90002 3.86451e-109
0.9 0.90002 9.54455e-120
0.91 0.90002 2.3874e-130
0.92 0.90002 5.95289e-141
0.93 0.90002 1.46489e-151
0.94 0.90002 3.53717e-162
0.95 0.90002 8.35589e-173
0.96 0.90002 1.92864e-183
0.97 0.90002 4.34816e-194
0.98 0.90002 9.5784e-205
0.99 0.90002 2.06309e-215
1 0.90002 2.06309e-215
